m = [ 0.0000, 0.0000, 0.0000 ; 0.0000, 1.0000, 0.0000 ; 0.1342, 1.0000, 0.0000 ; 0.1577, 0.9899, 0.0000 ;
      0.1853, 0.9756, 0.0000 ; 0.2177, 0.9556, 0.0000 ; 0.2558, 0.9282, 0.0000 ; 0.3006, 0.8910, 0.0000 ;
      0.3532, 0.8412, 0.0000 ; 0.4150, 0.7750, 0.0000 ; 0.4877, 0.6877, 0.0000 ; 0.5730, 0.0000, 0.0000 ;
      0.5730, 0.5730, 0.0000];
